67
55
198
178
45
83
160
104
88
97
162
71
104
82
154
88
190
116
142
75
124
90
180
144
6
145
14
35
156
77
139
16
140
70
25
43
36
194
86
154
181
40
142
65
139
198
15
34
65
104
32
95
121
54
0
69
97
56
75
95
129
137
134
100
73
157
108
14
160
199
33
176
183
36
35
179
187
118
41
165
18
182
28
182
189
153
98
120
83
85
193
107
182
97
0
179
62
47
65
159
92
134
27
174
66
192
92
79
197
140
148
165
60
193
149
29
59
81
198
110
32
125
86
20
6
155
13
177
160
16
118
113
21
11
97
120
33
72
30
170
173
166
188
14
5
30
47
16
175
32
71
146
163
179
141
30
158
145
33
66
145
69
46
193
78
2
151
98
2
17
172
135
142
14
76
101
160
168
190
50
22
43
163
168
194
132
186
28
145
80
143
195
142
169
14
11
20
22
33
81
